lr: 0.0026279571562903723
n_steps: 128
gamma: 0.982892175608233
gae_lambda: 0.9927545261998779
ent_coef: 0.0028702848896026336
vf_coef: 0.28628317455040775
max_grad_norm: 1.0
